     0/199      1.1G   0.07686   0.01382         0   0.09068        10       640    0.1254    0.2356   0.07838   0.02221   0.09018   0.01591         0
     1/199     6.51G   0.05996  0.009727         0   0.06969         5       640    0.3822    0.5649    0.4025    0.1318   0.07234   0.01694         0
     2/199     10.1G   0.05173   0.00998         0   0.06171        11       640     0.552    0.7236    0.6117    0.2922   0.06097   0.01789         0
     3/199     10.1G    0.0485  0.009701         0    0.0582        13       640    0.7581    0.8061    0.8209    0.3953   0.06367    0.0166         0
     4/199     10.1G   0.04617   0.00883         0     0.055         6       640    0.8257    0.8582    0.8626    0.5084   0.05485   0.01664         0
     5/199     10.1G   0.04539  0.008501         0   0.05389         8       640    0.8272    0.8172    0.8709    0.4965   0.05543   0.01605         0
     6/199     10.1G   0.04445  0.007871         0   0.05232        10       640    0.8402    0.8726    0.8887    0.5696   0.05845   0.01493         0
     7/199     10.1G   0.04309  0.007782         0   0.05088         5       640    0.9059    0.7188     0.848    0.5001   0.06117   0.01487         0
     8/199     10.1G   0.04603  0.007053         0   0.05308         3       640    0.8274    0.7951    0.8227    0.5273   0.05881   0.01453         0
     9/199     10.1G   0.04243  0.007193         0   0.04962         8       640    0.7573    0.7356    0.7623    0.4861   0.05273   0.01528         0
    10/199     10.1G   0.04242  0.007161         0   0.04958         3       640     0.693    0.7162     0.706    0.4712   0.05186   0.01533         0
    11/199     10.1G   0.04218  0.007207         0   0.04939         4       640     0.839    0.7019    0.7783    0.4902   0.05407    0.0147         0
    12/199     10.1G   0.03986  0.006894         0   0.04675         5       640    0.8386    0.7496    0.8146    0.5446   0.05398   0.01416         0
    13/199     10.1G   0.03953  0.006627         0   0.04616         6       640    0.6903    0.6947    0.7227    0.4875    0.0521   0.01496         0
    14/199     10.1G   0.03911  0.006346         0   0.04546         8       640    0.8526    0.7925    0.8642    0.5855   0.05105   0.01364         0
    15/199     10.1G   0.03829  0.006267         0   0.04456         6       640    0.8159     0.831    0.8637    0.5843   0.04832   0.01386         0
    16/199     10.1G   0.03694  0.006388         0   0.04333         5       640    0.8532    0.8244    0.8535    0.5955    0.0493   0.01345         0
    17/199     10.1G   0.03696  0.005805         0   0.04277         3       640    0.8098    0.8534     0.874    0.6181   0.04786    0.0139         0
    18/199     10.1G   0.03664  0.006082         0   0.04272         5       640    0.7607    0.7259     0.777    0.5206   0.05799   0.01294         0
    19/199     10.1G   0.03542  0.005864         0   0.04128         8       640     0.783    0.7978    0.8277    0.5881   0.05511   0.01266         0
    20/199     10.1G   0.03522  0.006066         0   0.04128         5       640    0.8005    0.8317    0.8577    0.6103   0.04831   0.01324         0
    21/199     10.1G   0.03486  0.006111         0   0.04097         2       640    0.9005    0.8293    0.8968    0.6448   0.04709   0.01281         0
    22/199     10.1G   0.03401  0.005816         0   0.03983         3       640     0.874    0.8003    0.8821    0.6212   0.04391   0.01329         0
    23/199     10.1G   0.03393  0.005865         0    0.0398         3       640      0.83    0.8341    0.8835    0.6085   0.04546   0.01352         0
    24/199     10.1G   0.03374  0.005811         0   0.03955         4       640    0.8837    0.8221    0.9011    0.6275   0.04544   0.01288         0
    25/199     10.1G   0.03354   0.00602         0   0.03956         7       640    0.8385    0.8364     0.869     0.601   0.04554   0.01268         0
    26/199     10.1G   0.03255  0.005645         0    0.0382         7       640    0.8511    0.8389    0.8923    0.6512   0.04661    0.0125         0
    27/199     10.1G   0.03264  0.005591         0   0.03823         6       640    0.8456    0.8438    0.8821    0.6267    0.0449   0.01248         0
    28/199     10.1G   0.03165  0.005531         0   0.03718        13       640    0.7938    0.8702    0.8763    0.6333   0.04365   0.01269         0
    29/199     10.1G   0.03181  0.005533         0   0.03734         5       640    0.8894    0.8122    0.8878    0.6304   0.04422    0.0126         0
    30/199     10.1G   0.03175  0.005566         0   0.03732        11       640    0.8943    0.7931    0.8787    0.6304   0.04539   0.01312         0
    31/199     10.1G   0.03166  0.005633         0    0.0373         3       640    0.8291     0.793    0.8638     0.617   0.04459   0.01357         0
    32/199     10.1G   0.03099  0.005682         0   0.03668        12       640    0.8992    0.8581     0.911    0.6512   0.04434   0.01291         0
    33/199     10.1G   0.03066  0.005174         0   0.03583         4       640    0.8717    0.8821    0.9262    0.6579    0.0424   0.01285         0
    34/199     10.1G   0.03116  0.005213         0   0.03638         6       640    0.8838    0.8411    0.9076    0.6724   0.04186   0.01259         0
    35/199     10.1G   0.03094  0.005592         0   0.03654        12       640    0.8407    0.8389    0.8934    0.6692   0.04166   0.01315         0
    36/199     10.1G   0.03045  0.005502         0   0.03595         4       640    0.8937    0.8293    0.9103    0.6815   0.04099   0.01281         0
    37/199     10.1G   0.02998  0.005233         0   0.03521         5       640    0.8738    0.8486    0.9063    0.6601   0.04192   0.01234         0
    38/199     10.1G   0.02923  0.005265         0   0.03449         3       640    0.8826    0.8389    0.9072    0.6566   0.04082   0.01282         0
    39/199     10.1G   0.03035  0.005312         0   0.03567         8       640    0.8636    0.8534    0.9186    0.6724   0.04094   0.01258         0
    40/199     10.1G   0.02981  0.005278         0   0.03508        10       640     0.846    0.8462    0.8921    0.6575   0.04044   0.01347         0
    41/199     10.1G   0.02876  0.005176         0   0.03394         2       640    0.8891    0.8869    0.9283     0.674   0.04122   0.01197         0
    42/199     10.1G   0.02911   0.00511         0   0.03422        10       640    0.8413    0.8822    0.9159    0.6727    0.0429    0.0128         0
    43/199     10.1G   0.02944  0.005031         0   0.03447         1       640    0.8753    0.8438    0.8995    0.6417   0.04249   0.01253         0
    44/199     10.1G   0.02822  0.004907         0   0.03313         3       640    0.8646    0.8748    0.9084    0.6623   0.04285   0.01253         0
    45/199     10.1G   0.02893  0.004991         0   0.03392         2       640    0.8776    0.8966    0.9268    0.6844   0.03944   0.01188         0
    46/199     10.1G   0.02853  0.004889         0   0.03342         3       640    0.8875    0.8365    0.8854    0.6527   0.04128   0.01201         0
    47/199     10.1G   0.02827  0.005148         0   0.03342         3       640    0.8837    0.8822    0.9222    0.6865   0.04022   0.01227         0
    48/199     10.1G   0.02836  0.004992         0   0.03335         4       640    0.9028    0.8726    0.9275    0.6849   0.04078   0.01253         0
    49/199     10.1G   0.02744  0.005159         0    0.0326         8       640    0.9237    0.8438    0.9156    0.6812   0.03968   0.01327         0
    50/199     10.1G   0.02778  0.004983         0   0.03276         5       640    0.8718    0.8221    0.8718     0.643   0.04029   0.01348         0
    51/199     10.1G   0.02769  0.005119         0   0.03281         5       640    0.8998    0.7788    0.8639    0.6419   0.03943   0.01388         0
    52/199     10.1G   0.02784  0.005096         0   0.03293         9       640    0.9148    0.8004    0.8965    0.6545   0.03957   0.01331         0
    53/199     10.1G   0.02729  0.005036         0   0.03233         5       640     0.888    0.8582    0.9195    0.6908   0.03911   0.01246         0
    54/199     10.1G   0.02753  0.005208         0   0.03274        11       640    0.9102    0.8534    0.9203    0.6922   0.03994   0.01245         0
    55/199     10.1G   0.02735  0.005332         0   0.03269        10       640    0.8803    0.9014    0.9282    0.6823    0.0388   0.01214         0
    56/199     10.1G    0.0265  0.005218         0   0.03172         6       640     0.891    0.9038    0.9262    0.7054   0.03693   0.01217         0
    57/199     10.1G   0.02703  0.004994         0   0.03202         7       640    0.9146    0.8748    0.9344     0.692   0.03721   0.01271         0
    58/199     10.1G   0.02676   0.00494         0    0.0317         7       640     0.863    0.9255    0.9285    0.6837   0.03657   0.01184         0
    59/199     10.1G   0.02669  0.004799         0   0.03149         3       640    0.9217    0.8774    0.9378    0.7017   0.03868   0.01191         0
    60/199     10.1G   0.02584  0.004867         0   0.03071        10       640    0.9144     0.875    0.9331    0.6874   0.03754   0.01207         0
    61/199     10.1G   0.02658  0.004872         0   0.03145        11       640    0.9127    0.8558    0.9282     0.714   0.03659    0.0121         0
    62/199     10.1G    0.0266  0.004821         0   0.03142         6       640    0.8511    0.8798    0.9178    0.6942   0.03619   0.01282         0
    63/199     10.1G     0.026  0.004592         0   0.03059         7       640    0.8836    0.8582    0.9182    0.6861   0.03654   0.01287         0
    64/199     10.1G    0.0258  0.004818         0   0.03061         8       640    0.8871    0.7932    0.8875    0.6748   0.03566   0.01364         0
    65/199     10.1G   0.02559  0.004773         0   0.03037         8       640    0.9027    0.8269     0.909    0.6753   0.03566   0.01318         0
    66/199     10.1G   0.02527  0.004916         0   0.03018         2       640    0.8829    0.8534    0.9123    0.6737    0.0356   0.01371         0
    67/199     10.1G   0.02517  0.004778         0   0.02994         2       640    0.9066    0.7932    0.8805    0.6381    0.0372   0.01456         0
    68/199     10.1G   0.02499  0.004885         0   0.02987         9       640    0.8981    0.8047    0.8845    0.6621   0.03694   0.01377         0
    69/199     10.1G   0.02605  0.004698         0   0.03075         2       640    0.9141    0.8197    0.8975    0.6734   0.03657   0.01401         0
    70/199     10.1G   0.02476  0.004834         0    0.0296         2       640    0.8538    0.8846    0.9053    0.6807   0.03581    0.0134         0
    71/199     10.1G   0.02525  0.004607         0   0.02986         3       640    0.9004    0.8702    0.9173    0.6972   0.03807   0.01285         0
    72/199     10.1G   0.02551  0.004824         0   0.03033        11       640    0.8244    0.8486    0.8749    0.6592   0.03741   0.01437         0
    73/199     10.1G   0.02519  0.004789         0   0.02998         2       640    0.8672    0.8317    0.8854    0.6524   0.03665   0.01409         0
    74/199     10.1G   0.02507   0.00481         0   0.02988         6       640    0.8756    0.8797    0.9348    0.7006   0.03547   0.01279         0
    75/199     10.1G   0.02474  0.004596         0   0.02933         8       640    0.8771    0.8413    0.9097     0.683   0.03595    0.0134         0
    76/199     10.1G   0.02434  0.004734         0   0.02907         9       640    0.8741    0.8846    0.9219    0.6928   0.03578   0.01251         0
    77/199     10.1G   0.02452  0.004387         0   0.02891        10       640     0.894    0.8917    0.9353    0.6952   0.03571   0.01256         0
    78/199     10.1G   0.02368  0.004658         0   0.02833         6       640     0.846    0.9255    0.9335    0.7045   0.03603   0.01271         0
    79/199     10.1G   0.02462  0.004739         0   0.02936         7       640    0.8985    0.8125    0.8995    0.6862   0.03679   0.01327         0
    80/199     10.1G   0.02391  0.004562         0   0.02847         8       640    0.8656    0.8678    0.9134    0.7091   0.03564   0.01258         0
    81/199     10.1G   0.02378  0.004432         0   0.02821         2       640    0.9064    0.8389    0.9107    0.6896   0.03692   0.01281         0
    82/199     10.1G   0.02411  0.004608         0   0.02872        12       640    0.9228     0.863    0.9293    0.7109   0.03441   0.01264         0
    83/199     10.1G   0.02397  0.004517         0   0.02849         6       640    0.8807    0.9062     0.929    0.7192   0.03584   0.01247         0
    84/199     10.1G   0.02411  0.004777         0   0.02889         3       640    0.9091    0.8942    0.9304    0.7065   0.03659   0.01189         0
    85/199     10.1G   0.02308  0.004452         0   0.02753         2       640    0.8937    0.8894    0.9288    0.7057   0.03654    0.0121         0
    86/199     10.1G   0.02364  0.004591         0   0.02823         3       640    0.8774    0.8604    0.9169    0.7071   0.03662   0.01234         0
    87/199     10.1G   0.02388  0.004581         0   0.02846         7       640    0.8869    0.8485    0.9142    0.7058   0.03547   0.01287         0
    88/199     10.1G   0.02303  0.004357         0   0.02739         3       640     0.889     0.887    0.9243    0.7062   0.03472    0.0126         0
    89/199     10.1G   0.02308  0.004545         0   0.02762        14       640    0.8982    0.8918    0.9341    0.7051   0.03382   0.01229         0
    90/199     10.1G   0.02295  0.004555         0    0.0275        13       640    0.8861    0.8412    0.9104    0.6846   0.03399   0.01337         0
    91/199     10.1G   0.02251  0.004389         0    0.0269         7       640    0.9052    0.8267    0.9182    0.6998    0.0342   0.01343         0
    92/199     10.1G   0.02264  0.004312         0   0.02696         6       640    0.9201    0.8581    0.9246    0.7062   0.03363   0.01342         0
    93/199     10.1G   0.02278  0.004279         0   0.02706         8       640    0.8838    0.9159    0.9357    0.7164    0.0337   0.01271         0
    94/199     10.1G   0.02279  0.004456         0   0.02725        13       640     0.889    0.9062    0.9415    0.7235   0.03398   0.01306         0
    95/199     10.1G   0.02245  0.004166         0   0.02662         5       640     0.907    0.8676    0.9344    0.7102   0.03427   0.01269         0
    96/199     10.1G   0.02253  0.004298         0   0.02683        17       640    0.9372    0.8606    0.9417    0.7172   0.03519   0.01224         0
    97/199     10.1G     0.022  0.004445         0   0.02645         9       640    0.9075    0.8966    0.9366    0.7155   0.03471   0.01272         0
    98/199     10.1G   0.02187  0.004314         0   0.02619         3       640    0.8963    0.8725    0.9243    0.7014   0.03404   0.01291         0
    99/199     10.1G   0.02176  0.004119         0   0.02588         5       640    0.9095    0.8486    0.9293    0.7125   0.03394   0.01319         0
   100/199     10.1G   0.02175  0.004194         0   0.02594         2       640     0.896      0.87    0.9275    0.7086   0.03453   0.01319         0
   101/199     10.1G   0.02182  0.004291         0   0.02611         5       640    0.8999     0.887    0.9381    0.7055   0.03368    0.0126         0
   102/199     10.1G   0.02189  0.004248         0   0.02614         7       640    0.8954    0.9062     0.947    0.7236   0.03292   0.01233         0
   103/199     10.1G   0.02215  0.004286         0   0.02644         7       640    0.9444    0.8654    0.9453    0.7188   0.03203   0.01295         0
   104/199     10.1G   0.02168  0.004385         0   0.02607         2       640    0.9167    0.8725    0.9423    0.7246   0.03312   0.01305         0
   105/199     10.1G   0.02096  0.003975         0   0.02493         1       640    0.9141      0.87     0.922    0.7092   0.03329   0.01377         0
   106/199     10.1G   0.02061  0.004057         0   0.02466         6       640    0.8599    0.9014    0.9185    0.7035   0.03235    0.0137         0
   107/199     10.1G   0.02156  0.004042         0    0.0256         5       640    0.9288    0.8798     0.944    0.7224   0.03159   0.01314         0
   108/199     10.1G   0.02152  0.003874         0    0.0254         1       640    0.9161     0.899    0.9451    0.7164   0.03138   0.01301         0
   109/199     10.1G   0.02156  0.004168         0   0.02573         8       640    0.9131    0.8846    0.9347    0.7168   0.03049    0.0134         0
   110/199     10.1G   0.02061  0.004128         0   0.02474         8       640     0.947    0.8606    0.9375     0.716   0.03023   0.01354         0
   111/199     10.1G   0.02026  0.004177         0   0.02444         8       640    0.9277    0.8941    0.9428    0.7289   0.03038   0.01307         0
   112/199     10.1G   0.02051  0.004168         0   0.02468        10       640    0.8785    0.9038    0.9299    0.7123   0.03107   0.01393         0
   113/199     10.1G   0.02109  0.004128         0   0.02522         9       640    0.8863    0.8822    0.9262    0.7084    0.0322   0.01408         0
   114/199     10.1G   0.02058  0.004051         0   0.02463         2       640    0.8756    0.8798    0.9143    0.6992   0.03356    0.0139         0
   115/199     10.1G   0.02056  0.004063         0   0.02462         6       640    0.8876    0.8942     0.932    0.7137   0.03276   0.01358         0
   116/199     10.1G   0.02028  0.004107         0   0.02439         3       640    0.8761    0.9183    0.9358    0.7239   0.03208   0.01327         0
   117/199     10.1G   0.02031  0.004116         0   0.02443         4       640    0.9252    0.8918    0.9445    0.7377   0.03204   0.01307         0
   118/199     10.1G    0.0201  0.004074         0   0.02417         9       640     0.919    0.8725    0.9271    0.7219   0.03221   0.01417         0
   119/199     10.1G    0.0197  0.003943         0   0.02364         5       640    0.8926    0.8794    0.9247    0.7227   0.03205   0.01364         0
   120/199     10.1G   0.01933  0.003964         0    0.0233         5       640    0.8834    0.9303    0.9357    0.7267   0.03174   0.01318         0
   121/199     10.1G   0.01949  0.003903         0   0.02339         5       640    0.9342    0.8869    0.9407    0.7285   0.03137   0.01324         0
   122/199     10.1G   0.01966  0.003956         0   0.02362        11       640    0.9107    0.8822    0.9365    0.7232   0.03203    0.0134         0
   123/199     10.1G   0.01963  0.004098         0   0.02372         3       640    0.9111    0.8869    0.9389    0.7285   0.03114   0.01396         0
   124/199     10.1G   0.01962  0.004113         0   0.02373        13       640    0.9381    0.8822    0.9428    0.7198   0.03135   0.01343         0
   125/199     10.1G    0.0189  0.004054         0   0.02295        14       640    0.9234     0.899    0.9402     0.723     0.031   0.01328         0
   126/199     10.1G   0.01936  0.003639         0     0.023         6       640    0.8789    0.8726    0.9199    0.7061   0.03146   0.01415         0
   127/199     10.1G   0.01951  0.004028         0   0.02353        12       640    0.8744    0.8364    0.9042    0.6945   0.03194   0.01448         0
   128/199     10.1G   0.01893  0.003776         0    0.0227         8       640    0.8624    0.9062    0.9347    0.7163   0.03216   0.01334         0
   129/199     10.1G   0.01901  0.003834         0   0.02285         3       640    0.9059    0.8798    0.9368    0.7177   0.03313   0.01361         0
   130/199     10.1G   0.01881  0.003754         0   0.02257         2       640    0.8729    0.8918    0.9315    0.7203   0.03268   0.01395         0
   131/199     10.1G   0.01925  0.003912         0   0.02317         3       640    0.9245    0.8245    0.9132    0.7041   0.03343   0.01429         0
   132/199     10.1G   0.01909  0.003788         0   0.02287         9       640    0.9067    0.8413    0.9115    0.6977   0.03305   0.01461         0
   133/199     10.1G   0.01893  0.003845         0   0.02277        11       640    0.9262    0.7861     0.886    0.6734   0.03296   0.01517         0
   134/199     10.1G   0.01869  0.003749         0   0.02244         8       640    0.8816    0.8413    0.8972    0.6921   0.03232   0.01475         0
   135/199     10.1G   0.01859  0.003735         0   0.02233         9       640       0.9    0.8437    0.9057    0.7011   0.03195   0.01513         0
   136/199     10.1G   0.01815  0.003784         0   0.02194        13       640     0.871    0.8774     0.917    0.7131   0.03195   0.01464         0
   137/199     10.1G   0.01835  0.003605         0   0.02195         7       640     0.921    0.8413    0.9237     0.711   0.03192   0.01459         0
   138/199     10.1G   0.01862  0.003839         0   0.02246         7       640    0.8983    0.8916    0.9199    0.7233   0.03259   0.01415         0
   139/199     10.1G   0.01804  0.003587         0   0.02162         7       640     0.892    0.9134    0.9295    0.7169   0.03236   0.01381         0
   140/199     10.1G   0.01803  0.003783         0   0.02182         6       640    0.8869    0.9062    0.9313    0.7266   0.03172   0.01401         0
   141/199     10.1G   0.01883  0.003785         0   0.02262         8       640    0.8873    0.8726    0.9279    0.7148   0.03206    0.0144         0
   142/199     10.1G   0.01822  0.003926         0   0.02214         4       640    0.9114    0.8654    0.9248    0.7123   0.03244   0.01455         0
   143/199     10.1G    0.0178  0.003691         0   0.02149         5       640    0.8923    0.8767    0.9238    0.7136   0.03197    0.0148         0
   144/199     10.1G   0.01777  0.003466         0   0.02124         6       640    0.8998    0.9062    0.9238    0.7098   0.03204    0.0142         0
   145/199     10.1G   0.01778  0.003699         0   0.02147         7       640    0.9102    0.9013    0.9398     0.726    0.0317   0.01402         0
   146/199     10.1G   0.01746  0.003369         0   0.02082        13       640    0.9065     0.887    0.9404    0.7241   0.03116   0.01431         0
   147/199     10.1G   0.01775  0.003797         0   0.02155         5       640    0.9056    0.9014    0.9348     0.726   0.03173   0.01409         0
   148/199     10.1G   0.01765  0.003659         0   0.02131         2       640    0.9272    0.8582    0.9271    0.7161   0.03168   0.01474         0
   149/199     10.1G   0.01735  0.003608         0   0.02096        11       640    0.9223    0.8557    0.9202    0.7156   0.03172   0.01463         0
   150/199     10.1G   0.01725  0.003778         0   0.02103         3       640    0.9291    0.8558    0.9218    0.7172   0.03191   0.01473         0
   151/199     10.1G   0.01736  0.003745         0    0.0211         7       640    0.9002    0.8891    0.9291    0.7239   0.03157   0.01417         0
   152/199     10.1G   0.01747  0.003645         0   0.02112         1       640    0.9165    0.8726    0.9325    0.7198    0.0316   0.01432         0
   153/199     10.1G   0.01703  0.003584         0   0.02062         2       640    0.9167    0.8726    0.9299    0.7199   0.03204   0.01479         0
   154/199     10.1G   0.01702  0.003607         0   0.02063         8       640    0.9407    0.8389    0.9273    0.7188   0.03204   0.01467         0
   155/199     10.1G   0.01681  0.003628         0   0.02043        12       640    0.9129    0.8314    0.9061    0.7042   0.03177   0.01565         0
   156/199     10.1G   0.01752  0.003732         0   0.02125         1       640    0.9181    0.8365    0.9131    0.7059   0.03165   0.01514         0
   157/199     10.1G    0.0166  0.003557         0   0.02016         4       640    0.9146    0.8245    0.9148    0.7051   0.03158   0.01526         0
   158/199     10.1G   0.01653  0.003453         0   0.01998         4       640    0.8953    0.8438     0.905    0.6987   0.03214   0.01504         0
   159/199     10.1G   0.01674    0.0033         0   0.02004         4       640    0.8947    0.8581    0.9097    0.7013   0.03177   0.01503         0
   160/199     10.1G   0.01674  0.003705         0   0.02044         5       640    0.8738    0.8653    0.9064    0.7037   0.03198   0.01512         0
   161/199     10.1G   0.01691  0.003565         0   0.02047         5       640    0.9108     0.834    0.9052    0.7007   0.03184   0.01536         0
   162/199     10.1G   0.01689  0.003466         0   0.02036         8       640    0.8922    0.8557    0.9209    0.7118   0.03109   0.01509         0
   163/199     10.1G   0.01654  0.003409         0   0.01994         3       640    0.8862    0.8797    0.9255    0.7134   0.03112   0.01473         0
   164/199     10.1G   0.01642  0.003512         0   0.01993         7       640    0.8605    0.8747    0.9233    0.7112   0.03136   0.01512         0
   165/199     10.1G   0.01627  0.003593         0   0.01986         8       640    0.8762    0.8846    0.9262    0.7109   0.03133    0.0149         0
   166/199     10.1G   0.01607   0.00351         0   0.01958         6       640    0.8709    0.9081    0.9284    0.7176   0.03117   0.01468         0
   167/199     10.1G   0.01678  0.003425         0   0.02021        10       640    0.8595    0.8822    0.9242    0.7176   0.03078   0.01488         0
   168/199     10.1G    0.0168  0.003415         0   0.02022         5       640    0.8894    0.8726    0.9306    0.7181   0.03072   0.01463         0
   169/199     10.1G    0.0163  0.003381         0   0.01968         5       640    0.8773     0.911    0.9388    0.7171    0.0308   0.01425         0
   170/199     10.1G   0.01611  0.003334         0   0.01945         8       640    0.8967    0.8557    0.9294    0.7139   0.03138   0.01524         0
   171/199     10.1G   0.01609  0.003464         0   0.01956        13       640    0.8895    0.8726    0.9354    0.7211   0.03108   0.01517         0
   172/199     10.1G   0.01631  0.003367         0   0.01968        11       640    0.8947     0.858    0.9256    0.7114   0.03147     0.015         0
   173/199     10.1G   0.01574  0.003309         0   0.01904         5       640     0.887    0.8678    0.9228     0.715   0.03111     0.015         0
   174/199     10.1G   0.01629  0.003594         0   0.01988         9       640    0.8771    0.8774    0.9227    0.7154   0.03106   0.01484         0
   175/199     10.1G   0.01625  0.003452         0    0.0197         6       640    0.8567    0.9062    0.9184    0.7157   0.03099   0.01473         0
   176/199     10.1G   0.01675  0.003452         0    0.0202         7       640    0.8774    0.8942    0.9253    0.7187   0.03084   0.01491         0
   177/199     10.1G   0.01573  0.003287         0   0.01902         4       640    0.8618    0.9159    0.9309    0.7194   0.03069   0.01502         0
   178/199     10.1G   0.01591  0.003379         0   0.01928        10       640      0.86    0.9301    0.9375    0.7241   0.03053   0.01503         0
   179/199     10.1G   0.01615  0.003429         0   0.01958         2       640    0.8433    0.9441    0.9331    0.7227   0.03044   0.01507         0
   180/199     10.1G   0.01613  0.003355         0   0.01949         5       640    0.8535    0.9183    0.9297    0.7252   0.03093   0.01521         0
   181/199     10.1G   0.01575  0.003512         0   0.01926         8       640    0.8607     0.906    0.9317    0.7208   0.03099   0.01538         0
   182/199     10.1G   0.01579  0.003325         0   0.01911         5       640    0.8804    0.9038    0.9405    0.7274   0.03074   0.01507         0
   183/199     10.1G   0.01576  0.003503         0   0.01927         5       640    0.9048    0.8702    0.9427    0.7277   0.03096   0.01523         0
   184/199     10.1G   0.01594  0.003545         0   0.01949         4       640    0.9228    0.8654    0.9384    0.7315   0.03071   0.01514         0
   185/199     10.1G   0.01585  0.003247         0    0.0191         7       640    0.9037    0.8798    0.9359    0.7294    0.0306   0.01507         0
   186/199     10.1G   0.01591   0.00327         0   0.01918         9       640    0.8939     0.851    0.9224    0.7181   0.03093   0.01557         0
   187/199     10.1G   0.01568  0.003411         0   0.01909         5       640    0.8984    0.8506    0.9218    0.7154   0.03093   0.01571         0
   188/199     10.1G   0.01622  0.003382         0    0.0196         9       640    0.8965     0.875    0.9266    0.7139   0.03108   0.01531         0
   189/199     10.1G   0.01513  0.003161         0   0.01829         2       640    0.8953    0.8843    0.9353    0.7202   0.03092   0.01503         0
   190/199     10.1G   0.01539  0.003432         0   0.01882         5       640    0.8688    0.9087     0.935    0.7259   0.03055   0.01506         0
   191/199     10.1G   0.01531  0.003262         0   0.01857         6       640    0.8785    0.9038    0.9377    0.7256   0.03017   0.01515         0
   192/199     10.1G    0.0153  0.003502         0   0.01881        12       640    0.8692    0.8798    0.9266    0.7222   0.03063   0.01534         0
   193/199     10.1G   0.01515  0.003318         0   0.01847         8       640    0.8731    0.8767    0.9248     0.721   0.03068   0.01542         0
   194/199     10.1G   0.01506  0.003325         0   0.01839         4       640    0.8898    0.8942    0.9333    0.7259   0.03065   0.01519         0
   195/199     10.1G   0.01559  0.003429         0   0.01902        14       640    0.8952    0.9033    0.9349    0.7271    0.0308   0.01537         0
   196/199     10.1G   0.01545  0.003365         0   0.01881        10       640    0.8776    0.8966    0.9325    0.7207   0.03087   0.01568         0
   197/199     10.1G   0.01581  0.003436         0   0.01924        11       640    0.8688    0.8917    0.9318    0.7196   0.03067   0.01533         0
   198/199     10.1G   0.01478  0.003357         0   0.01813         6       640    0.8812    0.8917    0.9319    0.7242   0.03066   0.01532         0
   199/199     10.1G   0.01506  0.003231         0   0.01829         6       640    0.8806    0.9038    0.9398    0.7346   0.03064   0.01488         0
